# 2010 Average compensation per job in the 170 biggest counties in
# the US. From the Bureau of Economic Activity http://www.bea.gov/newsreleases/regional/comp/comp_newsrelease.htm
# Read in with call compensation <- scan("compensation.txt",n=170,skip=3)
116047 67038 69110 71364 67936 56954 66149 107567 67027 75114 101748 80347 70749 90384 57811 77558 89921
94346 76421 67202 57837 54046 62295 60374 59545 53818 63128 64353
55381 94680 65282 57246 65775 67745 81182 67427 61604 62566 71798
53520 58493 60012 71169 53507 77579 55400 63011 71447 70259 91386
57255 60428 58695 55794 57938 49874 60002 70195 58569 59317 76238
72781 48845 59308 55482 74732 51746 55184 83717 61948 68410 60576
59768 67061 66062 52827 63288 55097 57675 73835 81539 62462 107476
64285 67615 52083 59727 60952 75057 60958 53535 66365 57393 60583
55340 57275 61573 53215 54325 60966 58658 75774 71710 58779 51317
66615 48823 92276 61446 56430 59950 55720 65367 55687 55264 77353
54576 46438 52086 52936 61660 72696 54720 53580 54569 53169 58265
60560 62682 60183 65353 51536 54392 55085 69168 62940 58115 61393
69817 49225 58433 56468 54419 51787 47918 53105 69817 52266 53706
60028 51265 65247 57050 50336 53528 56452 59165 52105 66535 53600
56760 65456 53574 55987 52819 56220 70450 48459 51639 53640
