10 3126 3420 420 640
428 530 0 2388 5
3144 3570 165 463 580
220 0 2907 22 5911
6009 715 1530 0 1000
0 4833 0 2750 2262
55 175 0 20 0
1735 15 2403 2020 160
273 0 240 0 1485
10 3358 2593 520 1258
0 947 0 322 2295
0 2587 1759 0 415
20 0 230 0 0
941 2030 0 1674 1745
0 200 0 0 0
0 660 1620 0 3405
3520 0 230 0 7
0 0 2180 2635 0
1998 1770 0 330 0
340 0 0 2030 1185
10 1952 160 50 57
0 50 0 2540 1480
0 758 1557 25 70
0 0 0 1905 1429
10 2384 1923 70 0
0 30 1570 2066 0
952 1948 0 0 0
20 0 55 1676 40
3230 2634 390 210 0
696 20 1544 3207 0
2580 2080 50 380 0
345 0 1030 2336 0
2150 1495 55 30 0
113 0 1130 1333 30
4595 2877 230 405 0
840 0 1836 3615 0
3130 2101 225 70 0
325 0 3011 2320 50
3835 3001 140 575 0
552 0 3334 2338 0
3330 2724 70 185 0
233 0 2490 2195 0
2190 2577 60 535 0
536 0 2433 1475 107
35 1130 2186 170 281
0 338 0 1460 1390
0 0 3314 10 157
0 128 0 3375 1875
30 0 2066 270 355
0 493 0 2070 1370
43 40 3018 250 175
0 556 0 2884 2215
3 0 864 50 55
0 132 0 630 0
0 1398 30 21 0
75 1055 0 0 3071
140 203 0 130 1756
10 0 3363 250 610
0 196 1835 0 0
1611 0 35 0 0
1430 0 0 2022 21
65 0 5 1160 50
0 3809 178 400 0
793 3050 0 0 3942
0 15 0 10 2330
0 0 2213 56 103
0 163 1415 65 2785
355 460 0 588 1890
0 1468 0 0 0
0 1140 0 1837 0
0 0 0 1271 25
1435 220 60 0 0
1357 49 160 0 0
20 1340 0 720 395
488 0 521 1210 40
0 260 0 245 875
0 25 120 0 215
1375 0 20 0 0
60 1350 0 0 10
0 120 1120 0 0
0 110 0 135 2460
0 15 50 0 300
3215 0 0 0 0
0 1205 0 190 0
0 395 2610 0 104
0 0 325 2320 0
35 275 0 0 50
1555 0 248 0 0
395 2023 0 100 18
0 140 1930 0 30
0 0 75 1720 0
0 0 0 115 2085
0 25 0 0 30
1870 50 182 0 85
270 2085 0 70 0
0 160 1245 1 80
0 0 2125 2 327
0 0 1580 0 89
0 0 2180 0 0
0 0 0 0
